1 - 401, 436
2 - 393, 428
3 - 389, 424
4 - 382, 417
5 - 382, 417
6 - 380, 415
7 - 376, 411
8 - 374, 409
9 - 371, 406
10 - 369, 404
11 - 367, 402
12 - 372, 407
13 - 375, 410
14 - 375, 410
15 - 375, 410
16 - 374, 409
17 - 374, 409
18 - 373, 408
19 - 363, 398
20 - 353, 388
21 - 342, 377
22 - 331, 366
23 - 322, 357
24 - 314, 349
25 - 305, 340
26 - 299, 334
27 - 290, 325
28 - 283, 318
29 - 279, 314
30 - 274, 309
31 - 268, 303
32 - 263, 298
33 - 259, 294
34 - 254, 289
35 - 251, 286
36 - 247, 282
37 - 244, 279
38 - 240, 275
39 - 237, 272
40 - 234, 269
41 - 232, 267
42 - 230, 265
43 - 227, 262
44 - 226, 261
45 - 225, 260
46 - 222, 257
47 - 220, 255
48 - 220, 255
49 - 218, 253
50 - 222, 257